#!/usr/bin/env python3

import numpy as np
import matplotlib.pyplot as plt
from mpl_toolkits.mplot3d import Axes3D


a = [[81.9045, 22.1087, -36.414], [103.095, 19.1603, -47.2974], [124.242, 12.6765, -58.5496],
     [144.896, 2.36691, -70.2941], [164.499, -12.1294, -82.7002], [182.313, -31.2902, -96.0154],
     [197.274, -55.8034, -110.636], [207.647, -86.7919, -127.282], [209.923, -126.526, -147.579]]

b = [[70.557, 46.9466, -33.4478], [90.6148, 52.5765, -43.466], [111.683, 55.6494, -53.7049],
     [133.56, 55.93, -64.2265], [156.013, 53.1482, -75.1077], [178.767, 46.9838, -86.4467],
     [201.485, 37.0423, -98.3749], [223.727, 22.8131, -111.078], [244.89, 3.59187, -124.834]]

a = [[-23.4391, -82.0628, -23.6749], [-32.0871, -100.338, -29.7632], [-41.9359, -118.119, -35.8842], [-52.9764, -135.342, -42.0447], [-65.1992, -151.941, -48.2521], [-78.5945, -167.847, -54.5142], [-93.1521, -182.988, -60.8394], [-108.861, -197.29, -67.2367], [-125.71, -210.671, -73.7162]]
b = [[-22.3835, -82.3587, -28.221], [-30.9408, -100.699, -34.2683], [-40.7089, -118.55, -40.3484], [-51.6791, -135.845, -46.4681], [-63.8423, -152.518, -52.6349], [-77.1891, -168.5, -58.8566], [-91.7095, -183.718, -65.1416], [-107.393, -198.095, -71.499], [-124.229, -211.551, -77.939]]

a = [[-84.0495, 12.8504, -1.03247], [-102.691, 21.9255, 0.875487], [-120.461, 33.3251, 2.81828], [-137.109, 47.0706, 4.80513], [-152.36, 63.1858, 6.84707], [-165.895, 81.6983, 8.95765], [-177.336, 102.641, 11.1541], [-186.224, 126.052, 13.4592], [-191.971, 151.984, 15.9043]]
b = [[-82.8369, 19.0449, 8.15057], [-100.619, 29.9318, 10.2327], [-117.117, 43.5539, 12.3693], [-131.952, 59.9445, 14.5772], [-144.672, 79.1435, 16.8774], [-154.722, 101.2, 19.2986], [-161.381, 126.177, 21.8811], [-163.645, 154.163, 24.6868], [-159.97, 185.295, 27.8205]]

# a = [[-48.1984, 69.7288, 50.0054], [-55.3139, 88.959, 59.8281], [-60.7194, 108.967, 69.7567], [-64.3185, 129.655, 79.8163], [-66.0083, 150.918, 90.0346], [-65.6771, 172.642, 100.443], [-63.2028, 194.702, 111.078], [-58.449, 216.96, 121.982], [-51.2611, 239.258, 133.206]]
# b = [[-45.1309, 71.7389, 32.9658], [-51.0973, 91.4324, 43.0212], [-55.0849, 111.907, 53.2144], [-56.9695, 133.034, 63.5793], [-56.616, 154.672, 74.1548], [-53.875, 176.666, 84.9863], [-48.5779, 198.841, 96.1282], [-40.5303, 220.994, 107.647], [-29.5025, 242.887, 119.628]]

# a = [[83.3619, 15.866, -17.9628], [103.774, 15.1387, -21.2551], [124.254, 12.552, -24.5827], [144.678, 8.05501, -27.9537], [164.91, 1.59365, -31.3773], [184.805, -6.89063, -34.8639], [204.205, -17.462, -38.4254], [222.932, -30.1919, -42.0757], [240.786, -45.1611, -45.8318]]
# b = [[83.7581, 13.6725, -18.265], [104.26, 11.4204, -21.605], [124.704, 7.01506, -24.9916], [144.919, 0.390934, -28.4364], [164.718, -8.52363, -31.9526], [183.894, -19.8081, -35.5558], [202.213, -33.5522, -39.2647], [219.404, -49.8599, -43.1024], [235.145, -68.8547, -47.098]]

# a = [[-69.7061, -49.0944, 13.1787], [-89.3148, -55.6743, 17.398], [-109.82, -60.188, 21.6812], [-131.085, -62.4887, 26.0445], [-152.957, -62.415, 30.5066], [-175.268, -59.7861, 35.0898], [-197.824, -54.3953, 39.8213], [-220.397, -45.9997, 44.7353], [-242.713, -34.3051, 49.876]]
# b = [[-73.407, -43.3157, 19.0805], [-93.8135, -47.6428, 23.4631], [-115.051, -49.3812, 27.9399], [-136.906, -48.3163, 32.5372], [-159.137, -44.2025, 37.2875], [-181.456, -36.7503, 42.2319], [-203.512, -25.6047, 47.4251], [-224.854, -10.3107, 52.9435], [-244.868, 9.75302, 58.9005]]

fig = plt.figure()
ax = fig.add_subplot(111, projection='3d')
ax.plot(*np.array(a).T)
ax.plot(*np.array(b).T)

ax.plot([0],[0],[0],marker='.',color='k')
plt.show()
